jeff teague PG 73 72 2228 6.6 14.3 .460 1.1 3.3 .343 5.4 11.0 .496 4.4 5.2 .862 0.5 2.5 3.0 8.3 2.0 0.5 3.3 2.2 18.8 .767 .364 .233 .086 .083 .233 .496 .619 .362 .421 .405 .343 0 0
kyle korver SG 75 75 2418 4.3 8.9 .487 3.3 6.7 .492 1.1 2.2 .470 1.6 1.8 .898 0.2 4.3 4.5 2.9 0.8 0.6 1.6 2.1 13.6 .252 .047 .022 .035 .148 .748 .470 .679 .231 .429 .449 .492 0 0
demare carroll SF 70 69 2189 5.2 10.7 .487 2.0 5.0 .395 3.3 5.7 .567 2.1 3.0 .702 1.6 4.5 6.1 1.9 1.5 0.3 1.2 2.5 14.5 .534 .308 .121 .043 .063 .466 .567 .657 .468 .357 .463 .395 0 2
paul millsap PF 73 73 2390 6.7 14.0 .476 1.2 3.3 .356 5.5 10.8 .513 3.8 5.1 .757 2.1 6.5 8.6 3.4 2.0 1.0 2.5 3.0 18.3 .768 .375 .216 .086 .090 .232 .513 .639 .428 .275 .417 .356 0 0
al horford C 76 76 2318 8.1 15.0 .538 0.2 0.6 .306 7.9 14.4 .547 1.7 2.2 .759 2.0 6.4 8.4 3.8 1.1 1.5 1.6 1.9 18.0 .963 .286 .213 .111 .352 .037 .547 .750 .408 .458 .494 .306 0 0
marcus smart PG 67 38 1808 3.5 9.5 .367 1.8 5.4 .335 1.7 4.1 .410 1.6 2.5 .646 1.2 3.2 4.4 4.1 2.0 0.4 1.8 3.5 10.4 .430 .176 .090 .071 .092 .570 .410 .560 .256 .382 .295 .335 0 0
avery bradley SG 77 77 2428 6.4 15.0 .429 1.8 5.2 .352 4.6 9.8 .470 1.2 1.5 .790 0.7 2.9 3.6 2.0 1.2 0.2 1.6 2.6 15.9 .652 .168 .050 .044 .389 .348 .470 .612 .392 .356 .431 .352 0 0
evan turner SG 82 57 2260 5.1 11.9 .429 0.5 1.9 .277 4.6 10.0 .458 1.7 2.2 .752 0.6 6.0 6.6 7.2 1.3 0.3 3.2 2.9 12.4 .840 .248 .126 .263 .204 .160 .458 .584 .309 .449 .408 .277 0 0
brandon bass PF 82 43 1929 6.4 12.7 .504 0.2 0.6 .281 6.3 12.1 .515 3.2 4.0 .790 2.6 4.8 7.4 1.9 0.8 0.6 1.5 2.6 16.2 .953 .366 .132 .183 .272 .047 .515 .684 .322 .400 .457 .281 0 0
tyler zeller C 82 59 1731 7.1 12.9 .549 0.0 0.0 0 7.1 12.9 .549 3.2 3.9 .823 3.0 6.6 9.7 2.4 0.4 1.1 1.6 4.3 17.3 1.000 .460 .346 .057 .134 .000 .549 .632 .463 .600 .482  0 0
deron williams PG 68 55 2114 5.1 13.1 .387 1.5 4.0 .367 3.6 9.1 .395 3.4 4.1 .834 0.5 3.5 4.0 7.6 1.1 0.3 2.6 2.7 15.1 .693 .213 .179 .106 .196 .307 .395 .457 .377 .390 .351 .367 0 0
bogdan bogdanovic SF 78 28 1854 5.1 11.2 .453 1.8 5.0 .355 3.3 6.2 .531 1.7 2.1 .821 1.0 3.2 4.1 1.3 0.7 0.2 1.5 2.0 13.6 .556 .269 .130 .082 .075 .444 .531 .710 .387 .362 .326 .355 0 0
joe johnson SG 80 80 2791 5.8 13.2 .435 1.6 4.3 .359 4.2 8.9 .472 1.8 2.3 .801 0.7 4.3 5.0 3.8 0.8 0.2 1.8 1.5 14.9 .671 .092 .281 .140 .159 .329 .472 .596 .524 .399 .374 .359 0 0
thaddeus young PF 76 68 2434 6.7 14.3 .466 0.6 1.7 .330 6.1 12.6 .484 1.9 3.0 .655 1.9 4.2 6.1 2.6 1.8 0.4 1.7 2.5 15.8 .881 .392 .281 .083 .124 .119 .484 .628 .404 .350 .300 .330 0 0
brook lopez C 72 44 2100 8.7 16.9 .513 0.0 0.2 .100 8.7 16.7 .517 3.8 4.7 .814 3.7 5.5 9.2 0.9 0.7 2.2 1.8 3.5 21.2 .990 .309 .340 .153 .187 .010 .517 .662 .458 .470 .422 .100 0 0
kemba walker PG 62 58 2119 6.4 16.7 .385 1.4 4.8 .304 5.0 11.9 .418 4.0 4.8 .827 0.6 3.1 3.7 5.4 1.5 0.5 1.7 1.6 18.3 .715 .257 .113 .133 .212 .285 .418 .492 .378 .300 .423 .304 0 0
gerald henderson SG 80 72 2315 5.8 13.2 .437 0.7 2.1 .331 5.1 11.1 .457 2.9 3.4 .848 0.6 3.7 4.2 3.2 0.8 0.3 1.7 2.1 15.1 .839 .210 .106 .189 .334 .161 .457 .629 .356 .406 .410 .331 0 0
michael kidd-gilchrist SF 55 52 1587 5.1 10.9 .465 0.0 0.0 0 5.1 10.9 .465 3.4 4.9 .701 2.5 7.0 9.4 1.7 0.7 0.9 1.4 2.6 13.6 1.000 .477 .156 .071 .297 .000 .465 .578 .280 .500 .371  0 0
marvin williams PF 78 37 2035 3.7 8.8 .424 1.7 4.7 .358 2.0 4.1 .500 1.1 1.5 .713 1.0 5.8 6.8 1.8 1.2 0.6 1.1 2.6 10.2 .465 .154 .087 .034 .190 .535 .500 .684 .349 .294 .457 .358 0 0
al jefferson C 65 61 1992 8.8 18.3 .481 0.0 0.1 .400 8.7 18.2 .482 2.0 3.0 .655 1.8 8.1 9.9 2.0 0.8 1.5 1.2 2.5 19.6 .995 .282 .362 .218 .132 .005 .482 .639 .445 .391 .391 .400 0 0
derrick rose PG 51 51 1530 8.0 19.6 .405 1.8 6.4 .280 6.2 13.3 .465 3.6 4.4 .813 0.8 3.0 3.8 5.9 0.8 0.4 3.8 1.5 21.3 .675 .260 .154 .107 .154 .325 .465 .558 .519 .281 .380 .280 0 0
jimmy butler SG 65 65 2513 6.0 13.1 .462 1.0 2.8 .378 5.0 10.3 .484 5.5 6.6 .834 1.6 3.8 5.4 3.0 1.6 0.5 1.3 1.5 18.6 .788 .336 .121 .121 .212 .212 .484 .624 .345 .427 .373 .378 0 2
mike dunleavy SF 63 63 1838 4.1 9.4 .435 2.1 5.2 .407 2.0 4.3 .468 1.4 1.7 .805 0.5 4.3 4.9 2.2 0.8 0.4 1.2 2.4 11.7 .453 .170 .064 .031 .185 .547 .468 .573 .323 .267 .461 .407 0 0
pau gasol PF 78 78 2681 7.7 15.5 .494 0.2 0.3 .462 7.5 15.1 .495 3.9 4.9 .803 3.0 9.4 12.3 2.8 0.3 2.0 2.1 2.0 19.4 .977 .311 .253 .166 .240 .023 .495 .613 .438 .403 .477 .462 0 0
joakim noah C 67 67 2049 3.3 7.5 .445 0.0 0.0 .000 3.3 7.5 .447 1.8 3.1 .603 3.8 7.5 11.3 5.5 0.8 1.3 2.2 3.6 8.5 .995 .609 .176 .019 .180 .005 .447 .515 .360 .500 .325 .000 0 2
kyrie irving PG 75 75 2730 7.6 16.3 .468 2.1 5.0 .415 5.6 11.3 .491 4.2 4.8 .863 0.7 2.4 3.1 5.1 1.5 0.3 2.5 1.9 21.5 .694 .273 .148 .137 .136 .306 .491 .611 .344 .420 .482 .415 3 0
iman shumpert SG 62 25 1545 4.5 11.0 .410 1.6 4.6 .342 2.9 6.4 .458 1.0 1.5 .672 1.3 3.9 5.2 3.1 1.9 0.4 2.1 3.2 11.6 .584 .187 .068 .104 .225 .416 .458 .568 .250 .408 .453 .342 0 3
lebron james SF 69 69 2493 9.0 18.5 .488 1.7 4.9 .354 7.3 13.6 .536 5.4 7.6 .710 0.7 5.3 6.0 7.4 1.6 0.7 3.9 1.9 25.2 .735 .332 .127 .116 .159 .265 .536 .722 .414 .356 .377 .354 1 2
kevin love PF 75 75 2532 5.9 13.5 .434 2.0 5.6 .367 3.8 8.0 .480 3.7 4.6 .804 2.0 8.4 10.4 2.4 0.7 0.6 1.7 2.0 17.5 .588 .213 .181 .080 .114 .412 .480 .611 .366 .408 .468 .367 0 0
timofey mozgov C 81 80 2045 5.5 10.0 .555 0.0 0.1 .333 5.5 9.9 .557 2.7 3.8 .718 3.6 6.8 10.4 1.0 0.6 1.7 2.0 4.0 13.8 .989 .597 .212 .065 .115 .011 .557 .692 .333 .270 .431 .333 0 2
jose barea PG 77 10 1362 5.9 14.2 .420 1.4 4.4 .323 4.5 9.8 .463 2.0 2.5 .809 0.6 2.9 3.5 7.0 0.9 0.0 1.9 2.7 15.3 .688 .257 .243 .088 .101 .312 .463 .551 .415 .404 .407 .323 0 0
monta ellis SG 80 80 2699 8.0 18.1 .445 1.1 3.8 .285 6.9 14.3 .487 3.0 4.0 .752 0.5 2.1 2.5 4.4 2.0 0.3 2.6 2.6 20.2 .790 .249 .145 .090 .306 .210 .487 .626 .391 .418 .439 .285 0 0
chandler parsons SF 66 66 2186 6.3 13.7 .462 2.2 5.7 .380 4.1 7.9 .521 2.3 3.2 .720 1.1 4.3 5.3 2.7 1.1 0.3 1.6 2.3 17.1 .581 .311 .150 .049 .071 .419 .521 .643 .379 .268 .458 .380 0 0
dirk nowitzki PF 77 77 2282 7.7 16.8 .459 1.6 4.3 .380 6.0 12.4 .486 4.0 4.6 .882 0.7 6.5 7.2 2.3 0.6 0.5 1.3 2.5 21.0 .742 .066 .070 .283 .323 .258 .486 .700 .365 .478 .475 .380 0 0
tyson chandler C 75 75 2286 4.6 6.9 .666 0.0 0.0 0 4.6 6.9 .666 2.9 4.0 .720 4.6 9.0 13.6 1.3 0.7 1.4 1.7 2.7 12.1 1.000 .805 .086 .030 .080 .000 .666 .746 .237 .462 .400  0 0
ty lawson PG 75 75 2665 5.5 12.5 .436 0.9 2.8 .341 4.5 9.7 .463 3.6 4.9 .730 0.6 2.6 3.2 9.7 1.2 0.1 2.5 1.7 15.4 .779 .253 .120 .164 .242 .221 .463 .637 .351 .447 .348 .341 0 0
randy foye SG 50 21 1087 4.9 13.3 .368 3.1 8.7 .357 1.8 4.6 .388 1.5 1.8 .818 0.3 2.5 2.8 3.9 1.1 0.4 2.0 3.2 14.4 .346 .100 .087 .020 .139 .654 .388 .625 .286 .375 .286 .357 0 0
danilo gallinari SF 59 27 1426 5.8 14.3 .401 2.7 7.6 .355 3.1 6.7 .453 4.3 4.8 .895 0.8 4.7 5.5 2.1 1.2 0.5 1.4 2.4 18.5 .470 .167 .088 .048 .167 .530 .453 .632 .280 .481 .358 .355 0 0
kenneth faried PF 75 71 2086 6.4 12.7 .507 0.0 0.1 .125 6.4 12.6 .511 3.4 5.0 .691 4.2 7.4 11.5 1.5 1.1 1.0 2.0 3.6 16.3 .989 .575 .325 .056 .034 .011 .511 .631 .351 .341 .280 .125 0 0
jusuf nurkic C 62 27 1103 5.6 12.5 .446 0.0 0.1 .000 5.6 12.4 .449 2.7 4.3 .636 4.1 8.4 12.5 1.6 1.7 2.2 2.8 6.8 13.9 .995 .480 .402 .023 .089 .005 .449 .582 .312 .333 .382 .000 0 0
reggie jackson PG 77 40 2268 6.9 15.8 .434 1.1 3.8 .299 5.7 12.0 .477 2.9 3.5 .830 0.9 4.3 5.2 7.3 1.0 0.1 3.0 2.7 17.7 .758 .268 .197 .119 .171 .242 .477 .618 .418 .429 .359 .299 0 0
kentavius caldwell-pope SG 82 82 2587 5.4 13.5 .401 2.1 6.2 .345 3.3 7.3 .449 1.5 2.2 .696 0.6 2.9 3.5 1.5 1.3 0.3 1.3 2.2 14.5 .543 .226 .099 .080 .138 .457 .449 .600 .260 .436 .343 .345 0 0
caron butler SF 78 21 1623 3.6 8.8 .407 1.8 4.9 .379 1.7 3.9 .441 1.2 1.4 .902 0.5 3.9 4.3 1.8 1.0 0.1 1.1 2.7 10.2 .447 .063 .033 .078 .273 .553 .441 .520 .308 .484 .426 .379 0 0
greg monroe PF 69 57 2137 7.1 14.4 .496 0.0 0.0 0 7.1 14.4 .496 4.2 5.7 .750 3.9 8.0 11.9 2.4 1.3 0.6 2.5 2.5 18.5 1.000 .530 .392 .033 .043 .000 .496 .613 .365 .321 .351  0 0
andre drummond C 82 82 2502 7.1 13.8 .514 0.0 0.0 .000 7.1 13.8 .515 2.0 5.3 .389 6.3 9.6 15.9 0.8 1.1 2.2 1.7 4.1 16.3 .998 .682 .292 .019 .003 .002 .515 .600 .345 .111 .000 .000 0 2
steph curry PG 80 80 2613 9.0 18.5 .487 3.9 8.9 .443 5.1 9.6 .528 4.2 4.6 .914 0.8 3.9 4.7 8.5 2.2 0.2 3.4 2.2 26.2 .518 .186 .098 .072 .163 .482 .528 .687 .458 .515 .394 .443 1 0
klay thompson SG 77 77 2455 8.8 19.0 .463 3.5 8.0 .439 5.3 11.1 .481 3.3 3.8 .879 0.4 3.2 3.6 3.3 1.3 0.9 2.2 1.8 24.5 .580 .172 .107 .131 .171 .420 .481 .682 .345 .418 .414 .439 3 0
harrison barnes SF 82 82 2318 4.9 10.2 .482 1.4 3.3 .405 3.6 6.8 .519 1.7 2.3 .720 1.8 5.2 7.0 1.8 0.9 0.3 1.1 2.3 12.8 .672 .309 .122 .081 .160 .328 .519 .685 .325 .415 .400 .405 0 0
draymond green SF 79 79 2490 4.9 11.1 .443 1.6 4.8 .337 3.3 6.3 .523 1.9 2.9 .660 1.6 7.7 9.4 4.2 1.8 1.4 1.9 3.7 13.3 .570 .329 .120 .051 .069 .430 .523 .687 .207 .462 .340 .337 0 1
andrew bogut C 67 65 1583 4.5 8.1 .563 0.0 0.0 0 4.5 8.1 .563 0.5 1.0 .524 3.2 9.1 12.3 4.1 0.9 2.6 2.4 4.3 9.6 1.000 .580 .358 .056 .006 .000 .563 .650 .480 .250 .000  0 1
patrick beverly PG 56 55 1727 4.3 11.1 .383 2.4 6.7 .356 1.9 4.4 .426 0.9 1.3 .750 1.4 3.5 4.9 4.0 1.2 0.5 1.7 3.8 11.8 .393 .179 .145 .038 .032 .607 .426 .505 .390 .350 .235 .356 0 1
james harden SG 81 81 2981 7.8 17.8 .440 2.5 6.7 .375 5.3 11.0 .480 8.6 10.0 .868 0.9 4.6 5.5 6.8 1.9 0.7 3.9 2.5 26.8 .622 .310 .107 .074 .131 .378 .480 .618 .291 .431 .337 .375 1 0
trevor ariza SF 82 82 2930 4.5 11.2 .402 2.4 6.8 .350 2.1 4.4 .485 1.5 1.8 .853 0.9 4.7 5.6 2.6 1.9 0.2 1.7 2.3 12.9 .390 .225 .047 .035 .081 .610 .485 .615 .349 .188 .338 .350 0 3
terrence jones PF 33 24 889 6.4 12.1 .528 0.5 1.5 .351 5.9 10.6 .553 2.3 3.8 .606 3.2 5.8 8.9 1.5 0.7 2.4 1.5 3.2 15.6 .876 .508 .298 .037 .033 .124 .553 .691 .416 .091 .200 .351 0 0
dwight howard C 41 41 1223 7.4 12.5 .593 0.0 0.1 .500 7.4 12.4 .594 4.2 8.0 .528 3.2 9.4 12.7 1.5 0.8 1.6 3.4 4.0 19.0 .995 .624 .364 .002 .005 .005 .594 .723 .377 .000 .500 .500 0 1
george hill PG 43 36 1267 7.2 15.2 .477 2.0 5.5 .358 5.3 9.7 .544 3.2 4.1 .790 0.7 4.4 5.1 6.3 1.3 0.4 2.0 3.2 19.7 .639 .226 .140 .123 .150 .361 .544 .702 .427 .500 .450 .358 0 0
rodney stuckey PG 71 36 1874 6.4 14.5 .440 1.1 2.7 .390 5.3 11.8 .452 3.4 4.1 .819 0.7 4.1 4.8 4.2 1.1 0.2 2.3 2.5 17.2 .813 .255 .168 .156 .233 .187 .452 .573 .417 .415 .369 .390 0 0
paul george SF 6 0 91 7.1 19.4 .367 3.6 8.7 .409 3.6 10.7 .333 3.2 4.4 .727 1.6 7.1 8.7 2.4 2.0 0.4 4.7 4.4 21.0 .551 .204 .041 .143 .163 .449 .333 .400 .000 .429 .250 .409 0 1
david west PF 66 66 1895 6.1 13.0 .471 0.1 0.4 .200 6.1 12.7 .479 2.3 3.1 .739 2.1 6.5 8.5 4.2 0.9 0.9 2.3 3.0 14.6 .971 .159 .198 .157 .456 .029 .479 .642 .419 .324 .502 .200 0 0
roy hibbert C 76 76 1926 5.9 13.3 .446 0.0 0.0 .000 5.9 13.2 .448 3.1 3.8 .824 2.9 7.2 10.1 1.6 0.3 2.3 2.0 4.0 15.0 .997 .217 .397 .172 .211 .003 .448 .558 .443 .328 .440 .000 0 2
chris paul PG 82 82 2857 7.2 14.7 .485 1.8 4.4 .398 5.4 10.3 .523 3.6 4.0 .900 0.7 4.1 4.7 10.6 2.0 0.2 2.4 2.6 19.7 .702 .093 .107 .229 .265 .298 .523 .642 .488 .519 .487 .398 2 1
jj redick SG 78 78 2409 6.7 14.0 .477 3.0 6.8 .437 3.7 7.2 .515 2.7 3.0 .901 0.3 2.2 2.5 2.0 0.6 0.1 1.4 2.0 19.1 .512 .091 .049 .067 .301 .488 .515 .624 .413 .476 .511 .437 0 0
matt barnes SF 76 74 2271 4.4 9.9 .444 2.2 6.0 .362 2.2 3.9 .569 1.2 1.5 .779 0.8 4.0 4.8 1.8 1.1 0.8 1.4 3.8 12.1 .397 .253 .096 .014 .030 .603 .569 .684 .333 .444 .474 .362 0 0
blake griffin PF 67 67 2356 8.8 17.5 .502 0.2 0.4 .400 8.6 17.1 .504 4.8 6.5 .728 1.9 5.8 7.8 5.4 1.0 0.5 2.3 3.0 22.4 .978 .328 .190 .082 .378 .022 .504 .715 .392 .383 .404 .400 3 0
deandre jordan C 82 82 2820 4.8 6.8 .710 0.0 0.1 .250 4.8 6.8 .713 2.4 6.0 .397 5.1 10.6 15.7 0.8 1.0 2.3 1.4 3.1 12.1 .993 .918 .071 .002 .000 .007 .713 .739 .368 1.000  .250 2 1
jordan clarkson PG 59 38 1476 6.5 14.5 .448 0.9 3.0 .314 5.6 11.6 .482 3.2 3.9 .829 1.4 3.3 4.7 5.0 1.2 0.3 2.3 2.7 17.1 .797 .285 .181 .106 .221 .203 .482 .665 .324 .476 .386 .314 0 0
kobe bryant SG 35 35 1207 7.9 21.3 .373 1.6 5.5 .293 6.3 15.8 .401 5.8 7.2 .813 0.8 5.2 5.9 5.9 1.4 0.2 3.8 1.9 23.3 .742 .136 .129 .185 .292 .258 .401 .567 .380 .311 .389 .293 0 0
wesley johnson SF 76 59 2245 4.6 11.1 .414 1.5 4.2 .351 3.1 6.9 .451 1.4 1.8 .804 1.1 4.0 5.1 2.0 0.9 0.7 1.4 2.6 12.1 .625 .156 .052 .107 .305 .375 .451 .704 .444 .392 .346 .351 0 0
carlos boozer PF 71 26 1692 7.9 15.8 .499 0.0 0.0 0 7.9 15.8 .499 2.0 3.2 .627 2.4 7.9 10.3 2.0 0.9 0.3 2.0 3.9 17.8 1.000 .373 .182 .214 .231 .000 .499 .675 .341 .472 .366  0 0
jordan hill C 70 57 1874 6.9 14.9 .459 0.1 0.2 .273 6.8 14.7 .462 2.4 3.2 .738 3.3 7.3 10.7 2.0 0.7 1.0 2.0 3.2 16.2 .986 .245 .227 .136 .368 .014 .462 .689 .403 .340 .395 .273 0 0
mike conley PG 70 70 2225 6.4 14.3 .446 1.7 4.5 .386 4.6 9.8 .473 3.5 4.0 .859 0.5 2.9 3.4 6.1 1.4 0.2 2.5 2.2 17.9 .686 .276 .169 .100 .142 .314 .473 .588 .430 .398 .352 .386 0 0
courtney lee SG 77 74 2354 4.4 9.8 .448 1.4 3.4 .402 3.0 6.4 .473 1.7 2.0 .860 0.3 2.4 2.7 2.3 1.1 0.2 1.2 2.0 11.9 .652 .156 .103 .145 .249 .348 .473 .650 .273 .452 .456 .402 0 0
tony allen SG 63 41 1648 4.9 9.9 .495 0.2 0.6 .345 4.7 9.3 .505 1.7 2.8 .627 2.3 3.9 6.1 1.9 2.8 0.7 1.9 3.6 11.8 .936 .690 .165 .031 .051 .064 .505 .564 .333 .500 .261 .345 0 1
zach randolph PF 71 71 2304 7.1 14.6 .487 0.1 0.3 .350 7.0 14.2 .490 3.6 4.7 .765 3.5 8.2 11.7 2.4 1.1 0.2 2.4 2.7 17.9 .979 .402 .289 .122 .165 .021 .490 .653 .398 .325 .377 .350 0 0
marc gasol C 81 81 2687 7.1 14.4 .494 0.0 0.2 .176 7.1 14.1 .500 4.7 5.9 .795 1.5 6.9 8.4 4.1 0.9 1.8 2.4 2.8 18.9 .984 .239 .283 .221 .242 .016 .500 .699 .469 .430 .402 .176 1 1
goran dragic PG 78 78 2640 6.8 13.7 .501 1.2 3.5 .347 5.6 10.1 .555 2.5 3.2 .774 1.1 2.6 3.7 4.8 1.1 0.2 2.4 2.7 17.4 .742 .414 .105 .126 .096 .258 .555 .699 .381 .373 .354 .347 0 0
dwayne wade SG 62 62 1971 9.3 19.8 .470 0.5 1.9 .284 8.8 17.9 .489 5.2 6.8 .768 1.1 2.9 4.0 5.5 1.3 0.4 3.8 1.9 24.3 .906 .229 .187 .202 .283 .094 .489 .681 .488 .429 .378 .284 0 0
luol deng SF 72 72 2421 5.5 11.7 .469 1.2 3.3 .355 4.3 8.4 .513 2.8 3.7 .761 1.5 4.1 5.6 2.1 1.0 0.3 1.6 1.6 15.0 .720 .309 .122 .098 .192 .280 .513 .646 .458 .377 .404 .355 0 0
chris bosh C 44 44 1556 7.9 17.2 .460 1.5 3.9 .375 6.5 13.3 .485 4.1 5.4 .772 1.1 6.1 7.2 2.2 0.9 0.6 2.2 1.6 21.5 .774 .166 .114 .199 .295 .226 .485 .556 .471 .480 .455 .375 0 0
hassan whiteside C 48 32 1142 7.7 12.2 .628 0.0 0.0 0 7.7 12.2 .628 2.5 4.9 .500 4.6 10.6 15.2 0.2 0.9 3.9 1.8 4.1 17.8 1.000 .522 .354 .093 .023 .000 .628 .762 .482 .500 .333  0 0
michael carter-williams PG 66 63 2149 6.1 15.4 .396 0.6 2.6 .235 5.5 12.8 .428 3.4 4.9 .694 1.1 4.8 5.9 7.4 1.9 0.5 4.2 2.8 16.2 .834 .323 .236 .098 .177 .166 .428 .596 .341 .411 .245 .235 0 0
khris middleton PF 79 58 2378 6.1 13.2 .467 1.7 4.1 .407 4.5 9.1 .494 2.0 2.4 .859 0.7 4.5 5.3 2.8 1.8 0.2 1.7 2.8 16.0 .692 .176 .112 .159 .245 .308 .494 .621 .474 .449 .441 .407 0 0
giannis antetokounmpo SG 81 71 2541 5.4 11.1 .491 0.1 0.6 .159 5.3 10.4 .511 3.6 4.9 .741 1.4 6.3 7.7 2.9 1.0 1.2 2.5 3.6 14.6 .944 .506 .178 .067 .192 .056 .511 .646 .288 .423 .393 .159 0 0
jabari parker SF 25 25 738 6.3 12.8 .490 0.2 0.8 .250 6.1 12.0 .506 2.2 3.2 .697 2.4 4.3 6.7 2.0 1.5 0.2 2.3 2.0 15.0 .939 .422 .205 .141 .171 .061 .506 .721 .259 .432 .333 .250 0 0
zaza pachulia C 73 45 1730 5.0 11.0 .454 0.0 0.1 .000 5.0 10.9 .456 2.6 3.3 .788 4.1 6.3 10.4 3.7 1.7 0.4 2.8 3.5 12.6 .994 .427 .132 .287 .147 .006 .456 .558 .257 .493 .269 .000 0 0
ricky rubio PG 22 22 692 4.1 11.4 .356 0.7 2.7 .255 3.4 8.7 .387 3.0 3.7 .803 1.0 5.5 6.5 10.0 2.0 0.1 3.3 3.1 11.8 .767 .178 .014 .100 .475 .233 .387 .333 .000 .455 .404 .255 0 0
kevin martin PF 11 0 104 3.1 7.6 .409 0.0 0.0 0 3.1 7.6 .409 0.7 0.7 1.000 2.1 4.5 6.6 1.7 1.7 2.1 1.0 4.5 6.9 1.000 .500 .227 .045 .227 .000 .409 .455 .400 .000 .400  0 0
andrew wiggins SG 82 82 2969 6.0 13.8 .437 0.5 1.5 .310 5.6 12.3 .453 4.3 5.7 .760 1.6 2.9 4.5 2.1 1.0 0.6 2.1 2.3 16.8 .889 .307 .193 .162 .225 .111 .453 .665 .347 .380 .305 .310 0 0
kevin garnett PF 47 47 952 5.4 11.6 .467 0.0 0.3 .143 5.4 11.3 .475 1.4 1.7 .800 1.8 9.9 11.8 2.9 1.7 0.6 1.7 4.1 12.2 .977 .147 .134 .170 .526 .023 .475 .533 .390 .423 .497 .143 0 0
nikola pekovic C 31 29 815 6.1 14.5 .424 0.0 0.0 0 6.1 14.5 .424 4.8 5.7 .837 3.9 6.4 10.3 1.2 0.8 0.5 1.9 2.6 17.1 1.000 .463 .457 .073 .006 .000 .424 .546 .307 .333 1.000  0 0
tyreke evans SF 79 76 2690 7.0 15.6 .447 0.9 3.0 .304 6.0 12.6 .482 2.7 3.9 .694 1.1 4.5 5.6 7.0 1.3 0.5 3.3 2.6 17.6 .805 .537 .135 .023 .110 .195 .482 .558 .280 .333 .391 .304 0 0
eric gordon SG 61 60 2018 5.1 12.4 .411 2.5 5.6 .448 2.6 6.8 .380 1.9 2.4 .805 0.5 2.3 2.8 4.1 0.9 0.2 2.2 2.6 14.6 .546 .199 .150 .063 .133 .454 .380 .464 .317 .273 .380 .448 0 0
quincy pondexter SF 75 30 1793 3.8 9.0 .421 1.8 4.9 .373 1.9 4.1 .478 1.4 1.9 .740 1.1 2.9 3.9 1.9 0.4 0.5 1.0 3.0 10.8 .454 .242 .101 .047 .065 .546 .478 .583 .311 .381 .414 .373 0 0
anthony davis PF 68 68 2455 9.4 17.6 .535 0.0 0.2 .083 9.4 17.4 .540 5.4 6.8 .805 2.5 7.7 10.2 2.2 1.5 2.9 1.4 2.1 24.3 .990 .354 .169 .178 .289 .010 .540 .734 .433 .451 .419 .083 1 3
omer asik C 76 76 1982 3.9 7.5 .517 0.0 0.0 0 3.9 7.5 .517 2.4 4.1 .582 4.4 9.2 13.6 1.3 0.5 1.0 1.7 2.6 10.1 1.000 .896 .090 .012 .002 .000 .517 .553 .216 .200 .000  0 0
jose calderon PG 42 42 1270 4.2 10.0 .415 1.7 4.0 .415 2.5 6.0 .415 0.8 0.9 .906 0.5 3.0 3.5 5.6 0.9 0.0 2.1 2.2 10.8 .599 .102 .025 .102 .370 .401 .415 .611 .333 .333 .389 .415 0 0
langston galloway PG 45 41 1457 5.0 12.6 .399 1.5 4.3 .352 3.5 8.3 .424 1.6 1.9 .808 0.9 3.8 4.7 3.7 1.3 0.3 1.5 3.2 13.2 .656 .219 .086 .080 .266 .344 .424 .500 .273 .366 .434 .352 0 0
carmelo anthony SF 40 40 1428 9.0 20.3 .444 1.5 4.5 .341 7.5 15.8 .474 4.8 6.0 .797 1.8 4.8 6.7 3.1 1.0 0.4 2.2 2.2 24.4 .778 .221 .089 .184 .284 .222 .474 .584 .417 .412 .445 .341 2 0
lou amundson PF 53 35 937 4.2 9.8 .427 0.0 0.0 .000 4.2 9.8 .429 1.6 3.3 .471 3.6 6.7 10.3 2.7 0.8 2.0 2.4 4.8 10.0 .996 .494 .318 .122 .055 .004 .429 .468 .358 .387 .500 .000 0 0
andrea bargnani C 29 22 785 7.5 16.6 .454 0.7 1.9 .366 6.8 14.7 .466 4.0 4.9 .813 1.5 4.4 5.8 2.1 0.1 1.2 1.9 2.4 19.7 .886 .147 .188 .202 .330 .114 .466 .604 .441 .452 .445 .366 0 0
russell westbrook PG 67 67 2302 9.8 23.0 .426 1.3 4.5 .299 8.5 18.5 .457 8.5 10.2 .835 1.9 5.7 7.6 9.0 2.2 0.2 4.6 2.9 29.5 .804 .346 .105 .169 .184 .196 .457 .580 .310 .402 .363 .299 2 0
dion waiters SG 80 23 2208 6.1 15.4 .396 1.2 4.0 .297 4.9 11.4 .431 1.9 2.8 .680 0.7 2.5 3.1 2.7 1.5 0.3 1.8 2.5 15.3 .740 .335 .089 .055 .261 .260 .431 .508 .286 .423 .385 .297 0 0
kevin durant SF 27 27 913 9.4 18.4 .510 2.5 6.3 .403 6.9 12.1 .565 5.8 6.7 .854 0.6 6.4 7.0 4.3 0.9 1.0 2.9 1.6 27.0 .660 .206 .109 .184 .161 .340 .565 .802 .412 .535 .400 .403 1 0
serge ibaka PF 64 64 2116 6.4 13.4 .476 1.3 3.5 .376 5.1 9.9 .511 1.6 1.9 .836 2.3 6.2 8.5 0.9 0.5 2.6 1.7 3.3 15.6 .739 .197 .132 .118 .291 .261 .511 .697 .413 .505 .432 .376 0 2
enes kanter C 75 74 2135 8.1 15.6 .519 0.3 0.8 .356 7.9 14.9 .528 3.1 3.9 .782 4.7 6.6 11.3 0.9 0.6 0.5 2.4 3.2 19.6 .952 .503 .177 .089 .182 .048 .528 .666 .409 .410 .320 .356 0 0
elfrid payton PG 82 63 2489 4.4 10.2 .425 0.2 0.6 .262 4.2 9.6 .435 1.7 3.1 .551 1.5 3.5 5.0 7.7 2.1 0.3 2.9 2.8 10.6 .941 .458 .301 .103 .078 .059 .435 .515 .376 .329 .345 .262 0 0
victor oladipo PG 72 71 2573 6.6 15.2 .436 1.2 3.5 .339 5.4 11.7 .464 3.7 4.5 .819 0.7 3.5 4.2 4.1 1.7 0.3 2.9 2.6 18.1 .772 .423 .105 .080 .164 .228 .464 .569 .263 .402 .354 .339 0 0
tobias harris SF 68 63 2369 6.7 14.4 .466 1.3 3.6 .364 5.4 10.8 .500 2.9 3.7 .788 1.1 5.4 6.5 1.9 1.0 0.5 1.7 2.0 17.7 .748 .290 .208 .115 .136 .252 .500 .687 .386 .367 .388 .364 0 0
dewayne dedmon C 59 15 845 3.9 6.9 .562 0.0 0.0 .000 3.9 6.9 .565 1.4 2.7 .531 5.0 7.5 12.6 0.4 0.7 2.1 2.2 6.0 9.2 .994 .679 .272 .019 .025 .006 .565 .673 .341 .333 .250 .000 0 0
nikola vucevic C 74 74 2529 9.0 17.2 .523 0.0 0.1 .333 9.0 17.1 .524 2.3 3.1 .752 3.4 8.1 11.5 2.1 0.8 0.8 2.1 3.1 20.3 .995 .305 .278 .155 .257 .005 .524 .668 .448 .471 .468 .333 0 0
ish smith PG 55 14 832 6.2 15.9 .390 0.8 2.6 .300 5.4 13.3 .407 1.5 2.5 .596 0.6 3.7 4.3 7.8 1.6 0.3 3.4 2.2 14.6 .837 .322 .417 .076 .022 .163 .407 .551 .346 .214 .125 .300 0 0
hollis thompson SG 71 23 1776 4.5 11.0 .413 2.3 5.8 .401 2.2 5.2 .426 1.3 1.8 .708 1.1 2.9 4.0 1.7 1.2 0.5 1.3 2.9 12.7 .471 .175 .133 .061 .103 .529 .426 .579 .319 .515 .250 .401 0 0
jerami grant SF 65 11 1377 3.2 9.2 .352 1.3 4.1 .314 2.0 5.1 .383 3.0 5.0 .591 1.3 3.9 5.2 2.1 1.0 1.8 2.2 3.8 10.7 .557 .321 .128 .040 .068 .443 .383 .540 .111 .214 .250 .314 0 0
robert covington SF 70 49 1956 5.5 13.9 .396 3.1 8.2 .374 2.4 5.7 .426 3.3 4.0 .820 1.2 4.6 5.8 1.9 1.8 0.6 2.4 3.5 17.4 .410 .206 .112 .033 .058 .590 .426 .590 .271 .280 .227 .374 0 0
nerlens noel PF 75 71 2311 4.7 10.2 .462 0.0 0.0 0 4.7 10.2 .462 2.2 3.6 .609 2.9 6.6 9.5 2.0 2.1 2.2 2.3 3.2 11.6 1.000 .462 .329 .124 .084 .000 .462 .662 .288 .309 .273  0 3
eric bledsoe PG 81 81 2800 6.0 13.4 .447 1.1 3.5 .324 4.9 10.0 .491 4.5 5.7 .800 0.9 4.5 5.4 6.3 1.6 0.6 3.5 2.4 17.7 .740 .344 .123 .071 .203 .260 .491 .644 .318 .351 .382 .324 0 0
brandon wright SG 63 61 2035 6.6 15.7 .422 2.2 5.7 .389 4.4 10.0 .441 3.4 3.9 .874 0.5 3.8 4.3 5.8 1.6 0.2 3.3 2.0 18.9 .639 .269 .075 .072 .222 .361 .441 .577 .284 .313 .371 .389 0 0
pj tucker SF 78 63 2383 3.9 9.0 .438 1.3 3.8 .345 2.6 5.2 .506 1.6 2.2 .727 1.7 5.9 7.6 1.8 1.6 0.3 1.5 2.7 10.8 .577 .267 .141 .049 .122 .423 .506 .679 .345 .276 .397 .345 0 0
markieff morris PF 82 82 2581 7.1 15.3 .465 0.8 2.5 .318 6.3 12.8 .494 2.5 3.2 .763 1.5 5.5 7.1 2.7 1.4 0.5 2.4 3.4 17.5 .837 .229 .163 .246 .199 .163 .494 .611 .436 .502 .397 .318 0 0
alex len C 69 44 1518 4.2 8.4 .507 0.0 0.1 .333 4.2 8.3 .509 1.7 2.5 .702 3.4 7.4 10.8 0.8 0.8 2.5 1.8 5.1 10.2 .992 .544 .164 .167 .116 .008 .509 .677 .293 .288 .341 .333 0 0
damian lillard PG 82 82 2925 7.3 16.7 .434 2.4 7.0 .343 4.8 9.7 .500 4.2 4.9 .864 0.6 4.0 4.7 6.2 1.2 0.3 2.7 2.0 21.2 .579 .285 .088 .060 .147 .421 .500 .642 .261 .444 .390 .343 0 0
wesley matthews SG 60 60 2024 6.0 13.4 .448 3.1 7.9 .389 2.9 5.5 .534 1.9 2.6 .752 0.7 3.3 3.9 2.5 1.4 0.2 1.4 2.3 17.0 .408 .146 .105 .069 .088 .592 .534 .600 .570 .462 .439 .389 0 0
nic batum SF 71 71 2380 3.6 9.1 .400 1.5 4.7 .324 2.1 4.4 .481 1.3 1.5 .857 0.9 5.4 6.3 5.2 1.2 0.6 2.0 1.6 10.0 .485 .180 .040 .078 .187 .515 .481 .694 .292 .404 .348 .324 0 0
lamarcus aldridge PF 71 71 2512 9.4 20.3 .466 0.5 1.5 .352 8.9 18.8 .475 4.4 5.2 .845 2.5 7.9 10.4 1.8 0.7 1.0 1.7 1.8 23.8 .926 .192 .164 .206 .365 .074 .475 .701 .448 .392 .415 .352 2 0
robin lopez C 59 59 1638 5.1 9.6 .535 0.0 0.0 .000 5.1 9.6 .537 2.2 2.8 .772 4.2 4.5 8.7 1.2 0.4 1.8 1.6 2.7 12.4 .998 .542 .286 .098 .071 .002 .537 .650 .408 .395 .387 .000 0 0
darren collison PG 45 45 1565 6.0 12.7 .473 1.4 3.7 .373 4.6 8.9 .514 3.3 4.2 .788 0.4 2.9 3.3 5.8 1.5 0.3 2.6 2.2 16.7 .707 .247 .093 .107 .260 .293 .514 .684 .216 .475 .476 .373 0 0
ben mclemore SG 82 82 2670 4.9 11.2 .437 1.9 5.3 .358 3.0 5.9 .507 1.8 2.2 .813 0.4 2.8 3.2 1.9 1.0 0.3 1.9 3.0 13.4 .529 .217 .123 .048 .142 .471 .507 .711 .294 .425 .407 .358 0 0
omri casspi SF 67 19 1416 5.3 10.9 .489 0.9 2.2 .402 4.4 8.6 .512 3.6 4.9 .733 1.4 5.2 6.6 2.6 0.8 0.2 2.2 2.7 15.1 .796 .382 .358 .035 .021 .204 .512 .724 .340 .133 .222 .402 0 0
rudy gay SF 68 67 2408 7.6 16.7 .455 1.2 3.3 .359 6.4 13.4 .479 5.0 5.9 .858 1.5 4.5 6.0 3.7 1.1 0.6 2.7 2.3 21.4 .803 .198 .272 .165 .168 .197 .479 .629 .432 .467 .388 .359 0 0
demarcus cousins C 59 59 2013 8.9 19.1 .467 0.0 0.1 .250 8.9 18.9 .469 7.6 9.7 .782 3.3 10.1 13.4 3.8 1.6 1.8 4.5 4.3 25.4 .992 .419 .257 .078 .237 .008 .469 .633 .318 .349 .383 .250 2 0
tony parker PG 68 68 1953 7.4 15.3 .486 0.7 1.6 .427 6.7 13.7 .493 2.4 3.1 .783 0.3 2.1 2.4 6.2 0.8 0.0 2.7 2.0 18.0 .893 .255 .224 .129 .286 .107 .493 .599 .522 .421 .408 .427 0 0
danny green SG 81 80 2312 5.0 11.5 .436 3.0 7.1 .418 2.0 4.4 .466 1.7 2.0 .874 0.8 4.5 5.3 2.5 1.6 1.4 1.4 2.5 14.7 .381 .169 .058 .056 .099 .619 .466 .584 .465 .317 .342 .418 0 2
kawhi leonard SF 64 64 2033 7.0 14.6 .479 1.2 3.4 .349 5.8 11.2 .519 3.6 4.5 .802 1.5 6.7 8.2 2.9 2.6 0.8 1.7 2.3 18.7 .766 .212 .180 .187 .187 .234 .519 .724 .426 .481 .416 .349 3 1
tim duncan PF 77 77 2227 6.8 13.2 .512 0.0 0.1 .286 6.7 13.1 .514 3.7 5.0 .740 2.7 8.6 11.4 3.7 1.0 2.4 2.1 2.7 17.3 .991 .350 .358 .138 .144 .009 .514 .714 .454 .327 .356 .286 0 3
tiago splitter C 52 35 1030 5.9 10.6 .558 0.0 0.0 0 5.9 10.6 .558 3.1 4.2 .750 3.2 5.6 8.8 2.7 1.2 1.3 2.1 3.6 15.0 1.000 .611 .370 .017 .003 .000 .558 .600 .509 .200 .000  0 0
kyle lowry PG 70 70 2414 6.4 15.6 .412 2.0 5.8 .338 4.4 9.7 .457 3.8 4.7 .808 0.8 4.1 4.9 7.1 1.6 0.2 2.6 3.2 18.6 .625 .199 .140 .096 .190 .375 .457 .630 .404 .320 .384 .338 0 0
demar derozan SG 60 60 2100 7.0 17.0 .413 0.4 1.5 .284 6.6 15.5 .426 6.2 7.4 .832 0.7 4.0 4.7 3.6 1.3 0.2 2.3 2.1 20.6 .911 .193 .152 .228 .338 .089 .426 .644 .393 .372 .352 .284 0 0
terrence ross SF 82 61 2092 5.3 13.0 .410 2.5 6.7 .372 2.8 6.2 .452 0.8 1.0 .786 0.6 3.3 3.9 1.5 0.9 0.4 1.2 2.3 13.9 .482 .134 .094 .104 .151 .518 .452 .584 .324 .423 .430 .372 0 0
tyler hansbrough PF 74 8 1058 2.9 5.6 .521 0.0 0.2 .143 2.9 5.4 .538 3.3 4.7 .698 3.6 5.4 9.0 0.7 1.0 0.5 0.7 4.8 9.2 .958 .648 .248 .024 .042 .042 .538 .570 .488 .250 .429 .143 0 0
jonas valanciunas C 80 80 2096 6.4 11.2 .572 0.0 0.0 .000 6.4 11.2 .573 3.7 4.7 .786 3.7 8.2 11.9 0.7 0.6 1.6 1.9 3.8 16.5 .998 .505 .380 .063 .051 .002 .573 .669 .500 .390 .394 .000 0 0
trey burke PG 76 43 2288 5.8 15.8 .368 2.0 6.1 .318 3.9 9.7 .400 1.7 2.3 .752 0.5 2.7 3.2 5.2 1.0 0.2 2.0 1.9 15.3 .612 .149 .156 .085 .222 .388 .400 .493 .306 .412 .399 .318 0 0
dante exum PG 82 41 1817 2.9 8.2 .349 1.6 5.2 .314 1.2 3.0 .408 0.4 0.6 .625 0.5 2.1 2.6 3.9 0.8 0.3 2.3 2.9 7.8 .365 .125 .111 .022 .108 .635 .408 .731 .283 .111 .222 .314 0 0
gordon hayward SF 76 76 2618 6.7 14.9 .445 1.7 4.5 .364 5.0 10.4 .481 5.2 6.4 .812 0.7 4.4 5.1 4.3 1.5 0.4 2.8 1.8 20.1 .696 .206 .175 .119 .197 .304 .481 .643 .353 .426 .458 .364 0 0
derrick favors PF 74 74 2280 7.6 14.5 .525 0.0 0.1 .167 7.6 14.4 .527 3.5 5.2 .669 3.1 6.5 9.6 1.8 0.9 1.9 1.9 3.3 18.7 .993 .436 .220 .204 .134 .007 .527 .745 .327 .401 .341 .167 0 0
rudy gobert C 82 37 2158 4.3 7.1 .604 0.0 0.0 .000 4.3 7.1 .607 2.8 4.6 .623 4.4 8.5 12.9 1.8 1.1 3.2 1.9 2.9 11.4 .995 .785 .192 .007 .014 .005 .607 .710 .244 .000 .000 .000 0 1
john wall PG 79 79 2837 6.6 14.8 .445 0.8 2.8 .300 5.8 12.0 .478 3.6 4.6 .785 0.5 4.2 4.6 10.1 1.8 0.6 3.9 2.3 17.6 .814 .284 .081 .127 .322 .186 .478 .619 .404 .419 .395 .300 3 1
bradley beal SG 63 59 2107 6.2 14.5 .427 1.8 4.4 .409 4.4 10.1 .434 2.2 2.8 .783 1.0 3.1 4.1 3.3 1.3 0.3 2.1 2.3 16.4 .696 .206 .085 .126 .277 .304 .434 .669 .292 .374 .331 .409 0 0
paul pierce SF 73 73 1914 5.5 12.3 .447 2.2 5.7 .389 3.3 6.6 .496 3.1 3.9 .781 0.8 4.7 5.5 2.7 0.9 0.5 1.7 3.0 16.3 .538 .197 .056 .111 .174 .462 .496 .620 .405 .411 .439 .389 0 0
nene hilario PF 67 58 1693 6.5 12.8 .511 0.0 0.1 .200 6.5 12.7 .513 2.6 4.3 .604 1.8 5.5 7.3 2.6 1.4 0.5 2.6 3.8 15.7 .992 .423 .158 .191 .220 .008 .513 .697 .337 .383 .402 .200 0 0
marcin gortat C 82 82 2453 6.4 11.4 .566 0.0 0.0 .000 6.4 11.3 .569 1.8 2.6 .703 2.6 7.9 10.5 1.4 0.7 1.6 1.5 2.8 14.7 .996 .471 .277 .186 .062 .004 .569 .740 .414 .438 .354 .000 0 0